"PCT" "MEAN" "SD" "MEDIAN" "Q1" "Q3" "IQR"
0 1.007 0.0834143750078963 1 1 1 0
0.001 0 0 0 0 0 0
0.002 0 0 0 0 0 0
0.003 0 0 0 0 0 0
0.004 0 0 0 0 0 0
0.005 0 0 0 0 0 0
0.006 0 0 0 0 0 0
0.007 0 0 0 0 0 0
0.008 0 0 0 0 0 0
0.009 0 0 0 0 0 0
0.01 0 0 0 0 0 0
0.011 0 0 0 0 0 0
0.012 0 0 0 0 0 0
0.013 0 0 0 0 0 0
0.014 0 0 0 0 0 0
0.015 0 0 0 0 0 0
0.016 0 0 0 0 0 0
0.017 0 0 0 0 0 0
0.018 0 0 0 0 0 0
0.019 0 0 0 0 0 0
0.02 0 0 0 0 0 0
0.021 0 0 0 0 0 0
0.022 0 0 0 0 0 0
0.023 0.01 0.0995485304256668 0 0 0 0
0.024 0.032 0.176088066055048 0 0 0 0
0.025 0.085 0.279021240863223 0 0 0 0
0.026 0.17 0.375820756799357 0 0 0 0
0.027 0.19 0.392497202606661 0 0 0 0
0.028 0.245 0.430302405478008 0 0 0 0
0.029 0.136 0.342960087505269 0 0 0 0
0.03 0.093 0.290577761426155 0 0 0 0
0.031 0.028 0.16505527329729 0 0 0 0
0.032 0.006 0.0772655807586403 0 0 0 0
0.033 0.006 0.0772655807586403 0 0 0 0
0.034 0 0 0 0 0 0
0.035 0 0 0 0 0 0
0.036 0 0 0 0 0 0
0.037 0 0 0 0 0 0
0.038 0 0 0 0 0 0
0.039 0 0 0 0 0 0
0.04 0 0 0 0 0 0
0.041 0 0 0 0 0 0
0.042 0 0 0 0 0 0
0.043 0 0 0 0 0 0
0.044 0 0 0 0 0 0
0.045 0 0 0 0 0 0
0.046 0 0 0 0 0 0
0.047 0 0 0 0 0 0
0.048 0 0 0 0 0 0
0.049 0.003 0.054717401199198 0 0 0 0
0.05 0 0 0 0 0 0
0.051 0 0 0 0 0 0
0.052 0 0 0 0 0 0
0.053 0 0 0 0 0 0
0.054 0 0 0 0 0 0
0.055 0 0 0 0 0 0
0.056 0.001 0.0316227766016838 0 0 0 0
0.057 0 0 0 0 0 0
0.058 0 0 0 0 0 0
0.059 0 0 0 0 0 0
0.06 0 0 0 0 0 0
0.061 0 0 0 0 0 0
0.062 0.002 0.0446989708829856 0 0 0 0
0.063 0 0 0 0 0 0
0.064 0 0 0 0 0 0
0.065 0 0 0 0 0 0
0.066 0 0 0 0 0 0
0.067 0 0 0 0 0 0
0.068 0 0 0 0 0 0
0.069 0 0 0 0 0 0
0.07 0 0 0 0 0 0
0.071 0 0 0 0 0 0
0.072 0 0 0 0 0 0
0.073 0.009 0.0944877131056093 0 0 0 0
0.074 0 0 0 0 0 0
0.075 0 0 0 0 0 0
0.076 0 0 0 0 0 0
0.077 0 0 0 0 0 0
0.078 0 0 0 0 0 0
0.079 0 0 0 0 0 0
0.08 0 0 0 0 0 0
0.081 0 0 0 0 0 0
0.082 0 0 0 0 0 0
0.083 0.012 0.108939744206914 0 0 0 0
0.084 0 0 0 0 0 0
0.085 0 0 0 0 0 0
0.086 0 0 0 0 0 0
0.087 0 0 0 0 0 0
0.088 0 0 0 0 0 0
0.089 0 0 0 0 0 0
0.09 0 0 0 0 0 0
0.091 0.011 0.104354635210372 0 0 0 0
0.092 0 0 0 0 0 0
0.093 0 0 0 0 0 0
0.094 0 0 0 0 0 0
0.095 0 0 0 0 0 0
0.096 0 0 0 0 0 0
0.097 0 0 0 0 0 0
0.098 0.019 0.136593036636783 0 0 0 0
0.099 0 0 0 0 0 0
0.1 0.001 0.0316227766016838 0 0 0 0
0.101 0 0 0 0 0 0
0.102 0 0 0 0 0 0
0.103 0 0 0 0 0 0
0.104 0 0 0 0 0 0
0.105 0 0 0 0 0 0
0.106 0 0 0 0 0 0
0.107 0 0 0 0 0 0
0.108 0 0 0 0 0 0
0.109 0 0 0 0 0 0
0.11 0 0 0 0 0 0
0.111 0.023 0.149978310076802 0 0 0 0
0.112 0 0 0 0 0 0
0.113 0 0 0 0 0 0
0.114 0.001 0.0316227766016838 0 0 0 0
0.115 0 0 0 0 0 0
0.116 0 0 0 0 0 0
0.117 0 0 0 0 0 0
0.118 0 0 0 0 0 0
0.119 0 0 0 0 0 0
0.12 0 0 0 0 0 0
0.121 0.002 0.0446989708829856 0 0 0 0
0.122 0.048 0.213873190797121 0 0 0 0
0.123 0 0 0 0 0 0
0.124 0 0 0 0 0 0
0.125 0.01 0.0995485304256668 0 0 0 0
0.126 0 0 0 0 0 0
0.127 0 0 0 0 0 0
0.128 0 0 0 0 0 0
0.129 0 0 0 0 0 0
0.13 0 0 0 0 0 0
0.131 0 0 0 0 0 0
0.132 0.001 0.0316227766016838 0 0 0 0
0.133 0.001 0.0316227766016838 0 0 0 0
0.134 0 0 0 0 0 0
0.135 0.007 0.0834143750078963 0 0 0 0
0.136 0 0 0 0 0 0
0.137 0 0 0 0 0 0
0.138 0 0 0 0 0 0
0.139 0.049 0.215976030257169 0 0 0 0
0.14 0.002 0.0446989708829856 0 0 0 0
0.141 0 0 0 0 0 0
0.142 0 0 0 0 0 0
0.143 0.009 0.0944877131056093 0 0 0 0
0.144 0 0 0 0 0 0
0.145 0.003 0.054717401199198 0 0 0 0
0.146 0.083 0.276020265899421 0 0 0 0
0.147 0 0 0 0 0 0
0.148 0 0 0 0 0 0
0.149 0.003 0.054717401199198 0 0 0 0
0.15 0.002 0.0446989708829856 0 0 0 0
0.151 0 0 0 0 0 0
0.152 0 0 0 0 0 0
0.153 0 0 0 0 0 0
0.154 0.001 0.0316227766016838 0 0 0 0
0.155 0 0 0 0 0 0
0.156 0.005 0.0705689732104696 0 0 0 0
0.157 0.004 0.0631505185092568 0 0 0 0
0.158 0.002 0.0446989708829856 0 0 0 0
0.159 0 0 0 0 0 0
0.16 0.001 0.0316227766016838 0 0 0 0
0.161 0 0 0 0 0 0
0.162 0.009 0.0944877131056093 0 0 0 0
0.163 0 0 0 0 0 0
0.164 0.013 0.113330683593826 0 0 0 0
0.165 0.011 0.104354635210372 0 0 0 0
0.166 0.001 0.0316227766016838 0 0 0 0
0.167 0.098 0.297463417052391 0 0 0 0
0.168 0.002 0.0446989708829856 0 0 0 0
0.169 0.001 0.0316227766016838 0 0 0 0
0.17 0.001 0.0316227766016838 0 0 0 0
0.171 0.142 0.352079479606466 0 0 0 0
0.172 0.011 0.104354635210372 0 0 0 0
0.173 0.006 0.0772655807586403 0 0 0 0
0.174 0.013 0.113330683593826 0 0 0 0
0.175 0.004 0.0631505185092568 0 0 0 0
0.176 0.034 0.181319819316248 0 0 0 0
0.177 0.009 0.0944877131056093 0 0 0 0
0.178 0.011 0.104354635210372 0 0 0 0
0.179 0.012 0.108939744206914 0 0 0 0
0.18 0.04 0.196057232558349 0 0 0 0
0.181 0.016 0.125537881771837 0 0 0 0
0.182 0.063 0.243084532807191 0 0 0 0
0.183 0.036 0.186383311320351 0 0 0 0
0.184 0.019 0.136593036636783 0 0 0 0
0.185 0.014 0.117549214450024 0 0 0 0
0.186 0.034 0.181319819316248 0 0 0 0
0.187 0.098 0.304119201117734 0 0 0 0
0.188 0.025 0.156203071030628 0 0 0 0
0.189 0.08 0.278707153976495 0 0 0 0
0.19 0.046 0.218933624489095 0 0 0 0
0.191 0.029 0.167890402308134 0 0 0 0
0.192 0.068 0.255815248649179 0 0 0 0
0.193 0.029 0.167890402308134 0 0 0 0
0.194 0.182 0.406252435120137 0 0 0 0
0.195 0.267 0.477429512010872 0 0 1 1
0.196 0.041 0.198389410902796 0 0 0 0
0.197 0.057 0.231958627355839 0 0 0 0
0.198 0.116 0.34447447316552 0 0 0 0
0.199 0.059 0.24408723559125 0 0 0 0
0.2 0.137 0.385200440523345 0 0 0 0
0.201 0.1 0.306747606501003 0 0 0 0
0.202 0.077 0.270451740878376 0 0 0 0
0.203 0.148 0.374481289567631 0 0 0 0
0.204 0.118 0.337920390314332 0 0 0 0
0.205 0.082 0.278124708275538 0 0 0 0
0.206 0.104 0.339557505143531 0 0 0 0
0.207 0.134 0.355204406180681 0 0 0 0
0.208 0.167 0.406541850584016 0 0 0 0
0.209 0.205 0.434930068130687 0 0 0 0
0.21 0.169 0.408173499391626 0 0 0 0
0.211 0.278 0.486778135245363 0 0 1 1
0.212 0.153 0.392102977219945 0 0 0 0
0.213 0.184 0.426996869223097 0 0 0 0
0.214 0.214 0.440906337444132 0 0 0 0
0.215 0.191 0.422726504607527 0 0 0 0
0.216 0.229 0.463436914556635 0 0 0 0
0.217 0.276 0.521628312207165 0 0 0 0
0.218 0.207 0.438569656204511 0 0 0 0
0.219 0.299 0.540269276278867 0 0 1 1
0.22 0.438 0.61687643538762 0 0 1 1
0.221 0.24 0.496635325612916 0 0 0 0
0.222 0.318 0.570264150373492 0 0 1 1
0.223 0.217 0.460568261089627 0 0 0 0
0.224 0.325 0.575939846430777 0 0 1 1
0.225 0.291 0.54093586644963 0 0 1 1
0.226 0.257 0.495172895255987 0 0 0 0
0.227 0.345 0.572977576614743 0 0 1 1
0.228 0.247 0.492171954943832 0 0 0 0
0.229 0.371 0.614602909801716 0 0 1 1
0.23 0.366 0.603662495446262 0 0 1 1
0.231 0.292 0.530110381917782 0 0 1 1
0.232 0.182 0.418391026494416 0 0 0 0
0.233 0.375 0.605592058849637 0 0 1 1
0.234 0.378 0.586054143795144 0 0 1 1
0.235 0.285 0.53297191207329 0 0 0 0
0.236 0.325 0.563642344658998 0 0 1 1
0.237 0.237 0.493025429439572 0 0 0 0
0.238 0.227 0.457909031010179 0 0 0 0
0.239 0.284 0.521167550424636 0 0 1 1
0.24 0.319 0.547301140633325 0 0 1 1
0.241 0.162 0.392313535211201 0 0 0 0
0.242 0.394 0.634954460703417 0 0 1 1
0.243 0.491 0.68584939264345 0 0 1 1
0.244 0.371 0.606404754868171 0 0 1 1
0.245 0.157 0.395610297524606 0 0 0 0
0.246 0.274 0.526499003988803 0 0 0 0
0.247 0.185 0.41102791139282 0 0 0 0
0.248 0.222 0.467904835340409 0 0 0 0
0.249 0.245 0.480839064767211 0 0 0 0
0.25 0.691 0.816201681684855 1 0 1 1
0.251 0.189 0.414065756191514 0 0 0 0
0.252 0.34 0.59392992242583 0 0 1 1
0.253 0.208 0.452704032388647 0 0 0 0
0.254 0.195 0.448526672758908 0 0 0 0
0.255 0.173 0.416226193606606 0 0 0 0
0.256 0.197 0.434026933933114 0 0 0 0
0.257 0.498 0.677092648353572 0 0 1 1
0.258 0.324 0.54343290231575 0 0 1 1
0.259 0.22 0.458050007979271 0 0 0 0
0.26 0.222 0.463606439699591 0 0 0 0
0.261 0.245 0.489095301770743 0 0 0 0
0.262 0.257 0.495172895255987 0 0 0 0
0.263 0.327 0.555319168928445 0 0 1 1
0.264 0.26 0.510549371423235 0 0 0 0
0.265 0.202 0.448773213769937 0 0 0 0
0.266 0.212 0.441872437759192 0 0 0 0
0.267 0.394 0.630207236677873 0 0 1 1
0.268 0.362 0.591020562506336 0 0 1 1
0.269 0.222 0.478481917051151 0 0 0 0
0.27 0.454 0.674046243471721 0 0 1 1
0.271 0.367 0.585366255991626 0 0 1 1
0.272 0.307 0.541335426555517 0 0 1 1
0.273 0.423 0.646907635980199 0 0 1 1
0.274 0.296 0.539142536510221 0 0 1 1
0.275 0.559 0.712057600216461 0 0 1 1
0.276 0.428 0.645935935858374 0 0 1 1
0.277 0.326 0.565724353412547 0 0 1 1
0.278 0.466 0.686524082108789 0 0 1 1
0.279 0.415 0.623830236654303 0 0 1 1
0.28 0.382 0.615186520052622 0 0 1 1
0.281 0.361 0.592477873029896 0 0 1 1
0.282 0.317 0.55751396558456 0 0 1 1
0.283 0.531 0.70819527006366 0 0 1 1
0.284 0.517 0.708670031265054 0 0 1 1
0.285 0.39 0.605199360761614 0 0 1 1
0.286 0.938 0.973192223100402 1 0 1 1
0.287 0.468 0.664392517580848 0 0 1 1
0.288 0.604 0.757467991243034 0 0 1 1
0.289 0.721 0.840157642865233 1 0 1 1
0.29 0.386 0.628807919319882 0 0 1 1
0.291 0.692 0.811044877792711 1 0 1 1
0.292 0.662 0.795228513314499 0 0 1 1
0.293 0.615 0.763778998374764 0 0 1 1
0.294 0.654 0.772580663025474 0 0 1 1
0.295 0.65 0.779812867365055 0 0 1 1
0.296 0.783 0.855946051830163 1 0 1 1
0.297 1.135 0.9888138109638 1 0 2 2
0.298 0.637 0.802418142164592 0 0 1 1
0.299 0.72 0.819922113540227 1 0 1 1
0.3 1.201 1.04484003114864 1 0 2 2
0.301 0.774 0.902074130954734 1 0 1 1
0.302 0.782 0.855106547283558 1 0 1 1
0.303 0.73 0.850778363514155 1 0 1 1
0.304 0.755 0.82441170215776 1 0 1 1
0.305 0.967 0.949111064002423 1 0 1 1
0.306 0.949 0.940895469371749 1 0 1 1
0.307 0.775 0.890599892301907 1 0 1 1
0.308 1.094 1.02772575146302 1 0 2 2
0.309 0.928 0.934713693967136 1 0 1 1
0.31 0.971 1.00457362506098 1 0 1 1
0.311 0.885 0.932010538375851 1 0 1 1
0.312 1.283 1.10187346148509 1 0 2 2
0.313 0.902 0.971256577501197 1 0 1 1
0.314 1.197 1.1024547185288 1 0 2 2
0.315 1.169 1.05335110411892 1 0 2 2
0.316 1.01 0.994428926011753 1 0 2 2
0.317 1.364 1.13613150418197 1 0.75 2 1.25
0.318 0.91 0.989383079943699 1 0 1 1
0.319 1.176 1.05077501308707 1 0 2 2
0.32 1.345 1.18295155199796 1 0 2 2
0.321 1.43 1.12621861482057 1 1 2 1
0.322 1.271 1.09761731207364 1 0 2 2
0.323 1.07 1.00404586952395 1 0 2 2
0.324 1.72 1.299726620982 1.5 1 3 2
0.325 1.347 1.13042862174879 1 1 2 1
0.326 1.357 1.15537261776705 1 0 2 2
0.327 1.915 1.36588456343889 2 1 3 2
0.328 1.394 1.1688156955355 1 1 2 1
0.329 1.585 1.24109440225767 1 1 2 1
0.33 1.567 1.28341659571558 1 1 2 1
0.331 1.452 1.1988048770059 1 1 2 1
0.332 1.467 1.21011378612731 1 1 2 1
0.333 3.312 1.78769456335579 3 2 4 2
0.334 1.198 1.10000272999934 1 0 2 2
0.335 1.477 1.21612086157172 1 1 2 1
0.336 1.662 1.23745193332399 2 1 2 1
0.337 2.248 1.48212438502735 2 1 3 2
0.338 1.722 1.34183326703302 2 1 3 2
0.339 1.977 1.37853957918203 2 1 3 2
0.34 2.298 1.50381430285041 2 1 3 2
0.341 1.893 1.3188215536191 2 1 3 2
0.342 2.235 1.49800501301532 2 1 3 2
0.343 2.22 1.45935935592634 2 1 3 2
0.344 1.889 1.3749798433321 2 1 3 2
0.345 2.563 1.59391705291448 2 1 4 3
0.346 2.163 1.47329616900391 2 1 3 2
0.347 2.361 1.47202100727056 2 1 3 2
0.348 2.329 1.50632932256795 2 1 3 2
0.349 2.192 1.48571307571258 2 1 3 2
0.35 2.553 1.58167401593776 2 1 3.25 2.25
0.351 2.416 1.5515641628213 2 1 3 2
0.352 2.903 1.63959729180042 3 2 4 2
0.353 2.376 1.5668691965442 2 1 3 2
0.354 2.591 1.59444700798153 2 1 3 2
0.355 2.575 1.60154298722824 2 1 4 3
0.356 3.082 1.66073298095571 3 2 4 2
0.357 3.051 1.80323338773733 3 2 4 2
0.358 3.489 1.83773127966421 3 2 5 3
0.359 3.037 1.73049866386127 3 2 4 2
0.36 3.132 1.79437894431355 3 2 4 2
0.361 2.984 1.72183295029126 3 2 4 2
0.362 3.559 1.80048903377965 3 2 5 3
0.363 2.962 1.71391175195618 3 2 4 2
0.364 3.599 1.82853562791173 3 2 5 3
0.365 3.535 1.80222723956304 3 2 5 3
0.366 3.54 1.90000263421133 3 2 5 3
0.367 4.12 2.06442773229335 4 3 5 2
0.368 3.834 1.88573593061171 4 3 5 2
0.369 3.971 2.04947782602285 4 3 5 2
0.37 3.949 1.93704701831193 4 3 5 2
0.371 4.167 1.96900685321001 4 3 5 2
0.372 4.135 2.01167140006061 4 3 5 2
0.373 4.613 2.05364272658329 4 3 6 3
0.374 4.024 2.04195827420484 4 3 5 2
0.375 5.192 2.22667781551218 5 4 7 3
0.376 4.353 2.01306816661618 4 3 6 3
0.377 4.654 2.1360821254921 4 3 6 3
0.378 4.954 2.23492256664048 5 3 6 3
0.379 5.035 2.14344800948597 5 4 6 2
0.38 4.977 2.25511785868423 5 3 7 4
0.381 5.598 2.41085217469015 5 4 7 3
0.382 4.832 2.03713669789878 5 3 6 3
0.383 5.09 2.21332302179298 5 4 6.25 2.25
0.384 5.474 2.28309801290627 5 4 7 3
0.385 5.993 2.44845787097633 6 4 7 3
0.386 5.816 2.30552802183349 6 4 7 3
0.387 6.077 2.38762890160338 6 4 7 3
0.388 6.126 2.48239527196744 6 4 8 4
0.389 6.156 2.37682841478162 6 4 8 4
0.39 5.706 2.42846895418934 6 4 7 3
0.391 6.023 2.4650654245978 6 4 8 4
0.392 6.408 2.43669314306777 6 5 8 3
0.393 6.597 2.49455683715842 7 5 8 3
0.394 6.539 2.50214702600382 6 5 8 3
0.395 7.041 2.60655195864443 7 5 9 4
0.396 7.485 2.63870000904569 7 6 9 3
0.397 7.364 2.70311132046218 7 5 9 4
0.398 7.497 2.76724567912729 7 6 9 3
0.399 6.673 2.62163001660111 7 5 8 3
0.4 9.594 2.97523377501937 9 7 12 5
0.401 7.535 2.69035555512892 7 6 9 3
0.402 7.972 2.78980268101509 8 6 10 4
0.403 7.909 2.92870215219921 8 6 10 4
0.404 8.356 2.84523449988913 8 6 10 4
0.405 8.749 2.94867660039105 9 7 11 4
0.406 9.372 2.97396376246592 9 7 11 4
0.407 9.348 2.84763147282176 9 7 11 4
0.408 9.106 2.87872385807515 9 7 11 4
0.409 9.005 2.95155665483261 9 7 11 4
0.41 10.282 3.08512463184131 10 8 12 4
0.411 10.606 3.22446292600197 10 8 13 5
0.412 10.271 3.08335305569538 10 8 12 4
0.413 9.83 3.06308381904291 10 8 12 4
0.414 11.471 3.22731693122547 11 9 13 4
0.415 11.345 3.22496129827559 11 9 13 4
0.416 10.898 3.29977036844755 11 9 13 4
0.417 11.984 3.43912366331477 12 10 14 4
0.418 12.082 3.5499123760845 12 10 14 4
0.419 13.218 3.50210518698978 13 11 16 5
0.42 12.763 3.55323183263581 12 10 15 5
0.421 12.633 3.37960541080357 12 10 15 5
0.422 13.748 3.50639284604432 14 11 16 5
0.423 13.111 3.53683307327165 13 11 15 4
0.424 14.403 3.61409084731591 14 12 17 5
0.425 14.775 3.80852725864997 15 12 17 5
0.426 14.83 3.78171937105352 15 12 17 5
0.427 15.045 3.96947499447115 15 12 17 5
0.428 13.28 3.60507927743574 13 11 16 5
0.429 19.011 4.30504499539928 19 16 22 6
0.43 16.318 3.89692982513954 16 14 19 5
0.431 16.328 4.06410296780642 16 14 19 5
0.432 18.659 4.19646629074145 19 16 21 5
0.433 17.433 3.99868734718038 17 15 20 5
0.434 18.366 4.33807132984958 18 15 21 6
0.435 17.713 4.1847512641904 17 15 20 5
0.436 18.837 4.20143821602592 19 16 21 5
0.437 21.801 4.50440769565641 22 19 25 6
0.438 17.578 3.95215580861073 18 15 20 5
0.439 20.285 4.41557156801611 20 17 23 6
0.44 20.282 4.44930020028681 20 17 23 6
0.441 21.696 4.46828261746608 21 18 25 7
0.442 20.96 4.5109587394199 21 18 24 6
0.443 22.244 4.63291786328313 22 19 25 6
0.444 23.533 4.67512221955403 23 20.75 27 6.25
0.445 21.076 4.61860969941773 21 18 24 6
0.446 23.496 4.72719053247596 23 20 27 7
0.447 23.479 4.65867602031546 23 20 27 7
0.448 25.087 4.96951980850536 25 22 28 6
0.449 24.535 4.94056516849886 25 21 28 7
0.45 24.66 4.95044512209831 24 21 28 7
0.451 25.614 4.81270881792844 25 22 29 7
0.452 27.749 5.1589353178358 27 24 31 7
0.453 27.728 5.08781897298851 28 24 31 7
0.454 25.77 5.15923615642061 26 22 29 7
0.455 28.485 5.29242711662473 28 25 32 7
0.456 28.154 4.98187746769259 28 25 31 6
0.457 29.859 5.29368889737035 30 26 33.25 7.25
0.458 31.154 5.44425604871078 31 27 35 8
0.459 30.154 5.42934266387394 30 26 34 8
0.46 30.639 5.45439542290706 30 27 34 7
0.461 30.51 5.51382828008837 31 27 34 7
0.462 34.692 5.99608948307888 34 30 39 9
0.463 33.834 6.03629695101897 34 30 38 8
0.464 33.502 5.67505085459172 33 29 37 8
0.465 35.68 5.95357414038366 36 32 40 8
0.466 36.516 6.12660422087793 36 32 41 9
0.467 36.81 5.73975999888888 37 33 40 7
0.468 37.588 5.71462272708469 37 34 42 8
0.469 39.018 6.11023821229672 39 35 43 8
0.47 38.667 5.96923301126223 38 34.75 43 8.25
0.471 41.849 6.22341786560487 41 38 46 8
0.472 41.503 6.08860099382954 41 37 45 8
0.473 42.508 6.37876356550583 42 38 47 9
0.474 43.635 6.69930262457636 44 39 48 9
0.475 44.711 6.68102650160251 44 40 49 9
0.476 45.568 6.79614328597945 45 41 50 9
0.477 46.499 6.64214702615932 46 42 51 9
0.478 47.158 6.69341750063731 47 42 51 9
0.479 48.719 6.658255880587 48 44 53 9
0.48 50.507 7.33128220018154 50 46 55 9
0.481 52.356 7.20521888489026 52 47 57 10
0.482 50.277 7.08056533091853 50 45 55 10
0.483 53.157 7.32365939861945 53 48 58 10
0.484 54.962 7.4576251026833 55 50 60 10
0.485 54.052 7.33765201799166 54 49 59 10
0.486 58.454 7.54073913795901 59 54 64 10
0.487 58.19 7.32157807480775 58 53 63 10
0.488 58.57 7.30455039386111 58 53 64 11
0.489 61.429 7.8293203573016 61 56 67 11
0.49 62.371 7.70212189475613 62 57 67 10
0.491 63.627 7.76183722562623 64 58 69 11
0.492 65.673 7.70671554324308 66 60 71 11
0.493 65.782 7.76703307594366 66 60 71 11
0.494 67.415 8.17040577514548 67 62 73 11
0.495 70.749 8.27565619667018 71 65 76 11
0.496 70.434 8.2932757353426 70 65 76 11
0.497 72.484 8.21676695904534 72 67 78 11
0.498 70.017 8.12888613463061 70 65 76 11
0.499 66.727 8.16671085359131 67 61 72 11
0.5 101.84 10.3887596144259 102 95 109 14
0.501 69.821 8.60051904991367 70 64 76 12
0.502 77.027 8.87519239453658 77 71 82 11
0.503 83.1 8.93632238999119 83 77 89 12
0.504 83.854 9.43099292904133 84 77 90 13
0.505 87.615 9.15984048320044 87.5 81 94 13
0.506 88.061 9.50397835669908 88 82 94 12
0.507 88.811 9.2627791767956 88 83 95 12
0.508 92.447 9.08150123408375 92 86 98 12
0.509 94.813 9.48852270182577 95 88 101.25 13.25
0.51 94.903 9.52051633217607 95 88 101 13
0.511 97.594 9.53163238989083 98 91 104 13
0.512 102.191 10.1297152047888 102 95 109 14
0.513 99.355 9.62297129667218 99 93 106 13
0.514 105.427 10.2231689893195 105 99 112 13
0.515 104.376 9.8368382820593 104 98 111 13
0.516 108.31 10.1837915144414 108 101 115 14
0.517 109.85 10.2686389042046 110 103 116.25 13.25
0.518 109.142 10.2773274473211 110 102 116 14
0.519 115.683 11.1171985276464 116 108 123 15
0.52 116.197 10.7037732488016 116 109 123 14
0.521 117.848 10.3769251985632 118 111 125 14
0.522 119.145 10.6819510895285 119 112 126 14
0.523 123.691 10.7566362876238 124 117 131 14
0.524 122.371 10.5945081340571 122 115 129 14
0.525 126.45 11.1996845014908 126 119 134 15
0.526 128.96 11.4196676312758 129 121 137 16
0.527 132.046 11.644891046613 132 124 139 15
0.528 135.38 11.4513201305672 135 127.75 143 15.25
0.529 134.622 11.4492882836534 134 127 142 15
0.53 137.4 11.7346368372311 137 130 145 15
0.531 140.283 11.630570973997 140 132 149 17
0.532 144.31 11.5190532852569 144 136 152 16
0.533 146.619 11.8626540690337 146 139 154 15
0.534 147.823 11.6876975180432 148 140 155 15
0.535 151.941 12.2770617513005 152 143 160 17
0.536 152.888 11.8400017585151 153 145 161 16
0.537 158.334 12.5258668898141 158 150 167 17
0.538 161.825 12.3053564270523 162 154 170 16
0.539 158.993 11.8612664012171 159 151 167 16
0.54 165.55 12.6930931854538 166 157 174 17
0.541 166.881 13.167468292015 166 158 175 17
0.542 173.473 13.1996022856941 173 165 182 17
0.543 176.453 12.658911447634 176 168 184.25 16.25
0.544 174.888 12.8194303225141 175 166 184 18
0.545 185.79 13.1209015718455 186 176 194 18
0.546 176.862 13.0767716948014 177 168 185 17
0.547 187.248 14.0664267090246 187 177.75 197 19.25
0.548 190.163 13.3622970323961 190 181 199 18
0.549 191.701 13.5952355415208 191 182 200 18
0.55 196.243 13.4639232108709 196 187 205 18
0.551 199.681 13.737392582108 200 191 209 18
0.552 200.567 14.1073217701847 201 191 210 19
0.553 203.303 14.0957398131805 202 194 213 19
0.554 207.238 14.3508642005735 207 197 217 20
0.555 204.625 13.7961120504187 204 195 213.25 18.25
0.556 223.082 14.2864754008601 223 214 232 18
0.557 216.768 13.9988622446306 216 207 226 19
0.558 219.315 14.3629408224454 219 210 229 19
0.559 223.554 15.3787382313891 223 213 234 21
0.56 226.861 14.0929873089878 226.5 217 236 19
0.561 231.278 14.4191063047134 231 222 241 19
0.562 242.348 15.4849824242936 242 232 253 21
0.563 226.735 14.7353963946311 226 216 237 21
0.564 238.167 15.3682560589774 238 228 249 21
0.565 243.123 15.1016532515791 243 234 253 19
0.566 244.335 15.4857542142313 244 233.75 254 20.25
0.567 250.358 16.4455553962854 250 239 261.25 22.25
0.568 251.794 15.8929591376229 252 242 263 21
0.569 254.465 15.6963419353093 254 243 265 22
0.57 259.79 16.1269953797966 260 250 270 20
0.571 270.671 15.7057769763368 270 260 282 22
0.572 256.14 16.1104918592806 255 245 266 21
0.573 265.698 15.7605580862859 266.5 254 276 22
0.574 273.872 16.3137903552717 273 263 285 22
0.575 270.858 15.7596383905914 271 260 281 21
0.576 275.715 16.6577085535272 275 264 287 23
0.577 279.858 16.2613735049739 280 269 290 21
0.578 279.995 16.6535977289389 280 268 291 23
0.579 285.487 16.0444150486783 285 275 296 21
0.58 289.061 16.6049692563402 289 278 300 22
0.581 291.81 16.6512811868987 291 280 303 23
0.582 293.666 16.7653070213319 294 282 304 22
0.583 297.011 17.1921042181418 298 285 309 24
0.584 294.434 16.9560948674261 294 283 306 23
0.585 305.66 17.0255769438298 306 294 317 23
0.586 302.24 16.8207412838239 302 291 313 22
0.587 307.875 16.8674801581886 307 296 319 23
0.588 304.026 17.3803740293873 303.5 292.75 315 22.25
0.589 311.675 17.7806503403708 312 300 324 24
0.59 312.715 16.8131036830044 312 301 324 23
0.591 314.551 18.6860527551318 315 301 327 26
0.592 316.42 17.079382462645 317 305 328 23
0.593 320.917 17.791870662234 320 308 333 25
0.594 319.411 16.7530517740424 319 308 331 23
0.595 322.93 17.9650171678694 323 310 335 25
0.596 327.267 17.7542931688627 327 316 339 23
0.597 324.337 17.5879153331418 324 312 337 25
0.598 327.494 18.1650194586169 327 316 340 24
0.599 324.615 18.1136655561452 325 313 335 22
0.6 340.536 17.7395996966504 340 328 351 23
0.601 330.322 17.909412694532 331 318 342 24
0.602 336.215 17.5806670765035 336 324 348 24
0.603 335.813 18.1880960476307 335 323 348.25 25.25
0.604 336.939 18.6701326415442 336 324 349 25
0.605 338.619 18.6097867575951 338 325 351 26
0.606 340.813 17.7461815035787 341 329 353 24
0.607 342.095 18.6970466800122 342 329 354 25
0.608 341.373 18.5278480172996 341 329 354 25
0.609 343.536 17.5984775026253 344 332 356 24
0.61 342.186 18.1642876366057 343 329.75 355 25.25
0.611 344.602 18.0215529955765 344 332 356 24
0.612 348.449 18.9038820287198 349 336 361.25 25.25
0.613 341.249 17.5918296794697 342 328 353 25
0.614 346.187 18.8523590683618 347 334 359 25
0.615 347.571 18.1295791633629 347 335 360 25
0.616 342.592 18.7908656701237 342 330 356 26
0.617 344.592 18.655872468946 345 331 357 26
0.618 342.983 17.8562469896828 343 331 354.25 23.25
0.619 344.322 18.3245219338488 344 332 356 24
0.62 342.48 18.3007791779071 343 331 354 23
0.621 341.16 17.8597135858717 342 328 353 25
0.622 341.577 17.8517437735297 342 329 354 25
0.623 338.559 17.2882446304534 338 327 350 23
0.624 340.499 18.6403181426836 340.5 328 353 25
0.625 335.868 17.8929800406398 335.5 323 347 24
0.626 336.788 18.1828400331651 336 324.75 350 25.25
0.627 338.326 17.9148169029065 338 326 351 25
0.628 335.363 18.1269362225616 334 323 348 25
0.629 336.391 18.0837258367887 336 324.75 349 24.25
0.63 332.85 17.8858996252748 332 321 345 24
0.631 327.276 17.8487086479779 328 315 339 24
0.632 331.376 17.8078562366093 332 319.75 344 24.25
0.633 327.491 17.5928800492821 327 314.75 339 24.25
0.634 328.057 17.2219728064861 328.5 316 340 24
0.635 325.154 17.9905515186151 325 312 338 26
0.636 330.523 18.2520302324867 331 319 342 23
0.637 323.233 17.7452981549087 323.5 311 334 23
0.638 316.596 16.8993601172462 316 305 328 23
0.639 319.773 18.0273807708568 319 308 332 24
0.64 318.942 17.8462075277389 319 307 330.25 23.25
0.641 312.846 17.1705886070662 313 301 324 23
0.642 319.077 17.6660454024142 320 307 331 24
0.643 313.862 17.9385268834079 313 302 326 24
0.644 313.001 17.7904890461308 313 301 325 24
0.645 309.281 17.2813391750664 309 298 321 23
0.646 311.819 17.593913287975 311 300 324 24
0.647 305.566 17.1759907620684 305 294 317 23
0.648 304.958 17.3760226220549 305 293 317 24
0.649 305.889 17.0645209975808 305 294 317 23
0.65 302.864 16.7246290606763 303 291 314 23
0.651 301.013 17.0842237664373 300 290 312 22
0.652 301.045 16.710542098245 301 290.75 312 21.25
0.653 298.039 16.4234347262748 298 288 308 20
0.654 292.803 16.7900594727088 292 281 304 23
0.655 290.768 16.7103983619007 291 280 302 22
0.656 292.215 16.8148599314569 293 281 303 22
0.657 291.669 16.7906332329774 292 280 303 23
0.658 282.617 17.1089750724007 282 271 294 23
0.659 286.807 16.9475948727827 287 276 298.25 22.25
0.66 280.552 16.0864561066156 280.5 270 291 21
0.661 280.384 16.6643404983289 280 268.75 292 23.25
0.662 279.934 16.704750602529 280 268 292 24
0.663 274.369 16.3911411594345 274 264 285 21
0.664 273.802 16.7580317348914 274 262 285 23
0.665 265.796 16.0373183412807 266 254 277 23
0.666 231.024 15.2336958578504 231 221 241 20
0.667 319.294 17.9297250129231 320 307 331 24
0.668 251.793 15.9097854250858 251 241.75 262 20.25
0.669 263.371 16.0320424583203 264 253 274 21
0.67 258.285 16.3142860993343 258 247 269 22
0.671 258.372 16.1356740167858 259 247 269 22
0.672 254.181 16.0079509461234 254 243 265 22
0.673 254.19 15.1869201137868 254.5 244 264 20
0.674 249.112 15.3579726306347 249 239 260 21
0.675 251.654 15.5687722916957 251 242 262 20
0.676 247.678 15.461027112044 248 237 258 21
0.677 245.259 15.0856718941019 245 236 255 19
0.678 241.645 14.9807007979065 241 232 252 20
0.679 244.833 15.0561548477292 245 235 255 20
0.68 238.547 15.7131376145471 239 227 250 23
0.681 240.407 15.7924270380379 241 229.75 251 21.25
0.682 238.372 15.1307155995529 238 228 249 21
0.683 235.433 14.7723299696674 235 225 245.25 20.25
0.684 233.147 15.3037117914117 233 223 244 21
0.685 235.096 15.2759332984318 234 225 245 20
0.686 233.636 14.8705291310241 234 223 243.25 20.25
0.687 246.757 15.1982544372023 246 237 256 19
0.688 216.129 14.3028294379095 216 206 226 20
0.689 231.225 14.9894315455276 231 221 241 20
0.69 227.861 14.5709296543148 228 219 238 19
0.691 227.155 14.6216540708556 227 217 237 20
0.692 227.43 15.6409635169877 227 217 238 21
0.693 223.758 14.6262559584934 224 214 233 19
0.694 226.479 15.2267334780777 226 217 237 20
0.695 222.278 14.8039816898655 223 212 232 20
0.696 225.791 15.04844758687 225 216 236 20
0.697 219.772 15.2112260320264 220 209 230 21
0.698 219.342 14.2916509643668 219 210 229 19
0.699 221.098 14.8596502383201 220 210 231 21
0.7 220.8 14.3650393091824 221 211 230 19
0.701 219.632 14.8357229238981 219 210 230 20
0.702 216.053 14.9864867726157 216 206 225 19
0.703 215.864 15.2837527164338 216 206 226 20
0.704 212.177 14.0816889954638 212 203 222 19
0.705 214.766 14.9117270496614 214 205 225 20
0.706 210.307 14.9964544024461 210 200 220 20
0.707 211.901 14.2986590507869 212 202 222 20
0.708 210.973 13.805247402921 211 202 220 18
0.709 207.355 14.7189545356531 207 198 217 19
0.71 203.459 14.225494145501 203 194 212 18
0.711 207.222 14.5513730781139 207 197 217 20
0.712 206.016 14.016854719095 206 196 215 19
0.713 196.554 13.7357108936434 197 187.75 206 18.25
0.714 212.816 14.0694026913758 213 203 222 19
0.715 186.649 13.707285970924 186 178 195 17
0.716 194.481 14.0656845721238 195 185 204 19
0.717 194.213 13.5562311282451 194 185 203 18
0.718 196.823 13.94238362193 197 187 206 19
0.719 187.769 13.417886520562 187 179 196 17
0.72 192.269 13.4752447555219 192 183 202 19
0.721 185.648 13.3987918717929 185 177 194 17
0.722 187.09 13.4310197785683 187 178 196 18
0.723 185.789 13.7676442075987 185 177 195 18
0.724 184.3 13.8915432898931 184 175 193 18
0.725 185.429 13.4106227970145 185 176 193 17
0.726 182.001 13.3593214824133 182 173 191 18
0.727 180.026 12.9788201996088 180 171 189 18
0.728 173.064 13.1252495662435 173 164 182 18
0.729 174.735 13.7303786655102 175 165 184 19
0.73 176.976 12.4414715453685 177 169 185 16
0.731 176.458 12.9821713427598 177 168 185 17
0.732 174.51 12.4778843398069 174 166 182 16
0.733 177.27 12.7325259558823 177 169 186 17
0.734 164.869 12.8206164909183 165 156 173 17
0.735 170.691 12.8059951785292 171 162 179 17
0.736 169.019 12.7268460983706 169 160 178 18
0.737 170.216 13.3503399048704 170 161 180 19
0.738 161.007 12.4922779351089 160 153 170 17
0.739 164.201 12.6462059735529 164 156 172 16
0.74 162.752 12.8484075891753 163 154 171 17
0.741 164.44 12.9763934429712 164 156 173 17
0.742 161.803 12.1615004457959 161.5 153 170 17
0.743 160.781 12.8566065247145 160 152 170 18
0.744 161.093 11.9334302594752 161 153 169 16
0.745 158.9 12.2717804982242 158.5 150 167 17
0.746 158.915 12.0204936365886 159 151 167 16
0.747 157.241 12.0997240597595 157 149 166 17
0.748 156.451 12.645928930629 156 148 165 17
0.749 143.559 11.6024625031127 144 136 151 15
0.75 181.736 13.3279382478288 181 172 191 19
0.751 138.265 11.6388245642435 138 131 146 15
0.752 155.307 11.6289287117508 155 147 162.25 15.25
0.753 152.951 11.5080421459966 152 145 161 16
0.754 151.715 12.1813858473148 152 144 160 16
0.755 146.663 11.4069956846906 146 139 154 15
0.756 153.165 12.4212746150732 153 145 161 16
0.757 146.49 12.0495265919907 146 139 155 16
0.758 147.599 11.759101814147 147 140 156 16
0.759 148.559 12.238149014099 148.5 140 157 17
0.76 143.048 11.7669093714601 143 135 151 16
0.761 142.696 11.4691379416731 143 135 151 16
0.762 146.934 11.8714183893322 146 139 155 16
0.763 137.992 11.3852342777634 138 130 146 16
0.764 140.914 11.6075552697086 141 133 149 16
0.765 140.991 11.5258737093881 140 133 149 16
0.766 137.071 11.5875895349823 137 129 145 16
0.767 138.633 11.4231694288319 139 131 146 15
0.768 135.311 11.6914057310474 135 127 143 16
0.769 136.848 11.2035000965955 137 129 145 16
0.77 136.824 11.2668525314733 137 129 144 15
0.771 131.31 11.9103213959891 131 123 138 15
0.772 129.05 11.3746596820689 129 121 137 16
0.773 130.456 10.9946781192969 130 123 137 14
0.774 130.203 11.0984217781613 130 123 138 15
0.775 132.469 11.2455992504847 132 125 140 15
0.776 131.847 11.135959797009 132 124 140 16
0.777 126.321 10.9058193592181 126 119 134 15
0.778 134.522 11.3470821038835 135 127 142.25 15.25
0.779 124.661 11.3605079173486 125 116 132 16
0.78 129.384 11.2448650943882 129 122 137 15
0.781 123.895 10.8272436106427 124 117 131 14
0.782 129.696 10.9631096762631 130 122 137 15
0.783 123.274 10.8839047856632 124 116 131 15
0.784 129.432 10.8183368598141 129 122 137 15
0.785 122.369 11.2167131394921 122 115 129 14
0.786 126.882 10.78714227395 126 120 134 14
0.787 135.962 11.5409596546279 135 128 144 16
0.788 122.806 11.0819300292491 123 115 131 16
0.789 130.816 11.0020538623109 131 124 138 14
0.79 120.602 10.994929944501 120 112.75 128 15.25
0.791 124.182 11.2720865830571 124 116 132 16
0.792 131.618 10.7879774034087 132 124 139 15
0.793 124.716 11.0409803571625 124 118 132 14
0.794 128.654 11.0656555491635 129 121 136 15
0.795 132.578 11.1335471379014 132 125 140 15
0.796 124.629 10.8287867105056 124.5 117 132 15
0.797 131.201 11.1530708771168 132 123 138 15
0.798 131.191 11.1491175355641 131 123 139 16
0.799 122.307 11.1063991960988 122 114 130 16
0.8 145.878 12.0416825285389 146 138 154 16
0.801 120.95 10.6112250988327 121 114 128 14
0.802 129.148 11.1130371904172 129 122 137 15
0.803 129.442 11.1992883729307 129 122 136 14
0.804 131.795 11.2265315218018 131 124 140 16
0.805 127.943 10.9389858950641 128 120.75 135 14.25
0.806 136.131 11.3365054296002 136 128 144 16
0.807 127.454 10.976081193138 127 120 135 15
0.808 127.15 10.7407105380819 127 120 135 15
0.809 128.568 11.087845431657 128 121 136 15
0.81 139.145 11.281189664226 139 132 147 15
0.811 128.2 11.0882347084172 128 121 135 14
0.812 141.935 11.5165709482643 142 134 149 15
0.813 116.329 10.353161205494 115.5 109 124 15
0.814 124.819 10.9326923839813 125 118 132 14
0.815 130.145 11.0917537838703 130 123 138 15
0.816 127.201 10.7592918615196 127 120 134 14
0.817 128.273 11.295754293763 127.5 121 136 15
0.818 127.789 10.7816846421941 127 120 135.25 15.25
0.819 128.295 11.275775721347 128 120 136 16
0.82 122.966 11.1260340028526 123 116 131 15
0.821 132.693 11.2109069854065 133 125 141 16
0.822 121.276 10.8454344056588 121 114 129 15
0.823 115.815 9.97247337550847 116 109 122 13
0.824 134.902 11.2014225823271 135 127 143 16
0.825 126.02 11.0057587983168 126 118 133 15
0.826 121.728 10.4245233313896 121 115 129 14
0.827 124.193 11.2280817961405 124 116 132 16
0.828 121.745 11.0442723142338 122 114 130 16
0.829 120.587 10.6693141890782 121 113 127 14
0.83 123.827 10.7647085399443 124 116 130.25 14.25
0.831 128.697 11.383530901077 129 121 136 15
0.832 118.361 10.5770767962398 118 111 125 14
0.833 144.752 11.556991825733 145 137 153 16
0.834 100.605 10.1889543030573 100 94 107.25 13.25
0.835 121.436 10.5082980700173 121 115 128 13
0.836 119.952 10.81150242032 120 113 127 14
0.837 124.25 10.3640201134942 124 117 131 14
0.838 118.553 10.8401429741355 119 111 127 16
0.839 119.335 11.0051755501168 119 112 126 14
0.84 128.459 11.0806633420613 128 121 136 15
0.841 119.797 10.5958512193718 119 113 127 14
0.842 124.192 10.9587969791958 124 117 132 15
0.843 123.579 10.9973042014714 124 117 131 14
0.844 121.192 10.3157913681671 121 114 128 14
0.845 125.983 11.1546015677897 126 118 134 16
0.846 124.359 10.4243362275871 124 117 132 15
0.847 126.077 10.7742821643094 126 118 133 15
0.848 126.963 10.769104169085 127 120 135 15
0.849 123.259 11.0781155276357 123 116 131 15
0.85 127.588 10.6743710914601 128 120 135 15
0.851 122.658 10.8530560131617 123 115 130 15
0.852 127.543 10.8933381392398 127 120 135 15
0.853 126.356 10.9320983701563 126 119 134 15
0.854 122.898 10.7646399602343 122 116 131 15
0.855 130.232 10.9358021090256 130 123 137 14
0.856 121.307 11.1273792767915 121 114 129 15
0.857 134.71 11.2001492554047 134 127 142 15
0.858 117.957 10.881707704334 118.5 111 125 14
0.859 121.273 10.7701656193147 121 114 129 15
0.86 125.767 10.9308826356884 126 118 133 15
0.861 118.708 10.7269661975697 119 111 126 15
0.862 127.717 11.0130012801778 128 121 135 14
0.863 121.317 11.0295131878593 121 114 128 14
0.864 122.537 10.9212593094801 122 115 130 15
0.865 119.625 11.1087253444659 119 112 127 15
0.866 115.413 10.57687578169 115 108 122 14
0.867 127.528 11.4306550939076 127 120 135 15
0.868 120.687 10.5896729020387 120.5 114 128 14
0.869 113.172 10.2918578662134 113 106 120 14
0.87 121.539 11.0220671820201 121 114 128.25 14.25
0.871 119.889 10.6271169474423 119 113 127 14
0.872 121.791 10.8008322353871 122 115 129 14
0.873 118.661 10.199220710579 118 112 125.25 13.25
0.874 114.059 10.2417973722103 114 107 121 14
0.875 122.972 11.1254209354519 123 115 130 15
0.876 115.457 10.356901873457 115 109 122 13
0.877 115.604 10.1936791736397 116 108 123 15
0.878 115.067 10.3663866883776 115 109 122 13
0.879 116.679 10.3333797829044 116 109 123 14
0.88 119.994 11.1304020524799 120 112 127 15
0.881 116.45 10.4665681600537 117 109 124 15
0.882 121.107 10.6095293539871 121 114 128 14
0.883 114.871 10.5752633629236 115 108 122 14
0.884 112.542 10.5788538201522 112 105 119 14
0.885 118.608 10.6643360817289 119 111 125 14
0.886 118.419 10.1680296925131 119 111 125 14
0.887 120.686 11.0439745279212 121 113 128 15
0.888 113.737 10.3939340417796 113 107 121 14
0.889 119.502 10.6179440918069 119 112 127 15
0.89 119.946 10.3751012875406 120 113 127 14
0.891 120.931 10.37062142732 121 114 128 14
0.892 119.451 10.4152809408617 119 112 126 14
0.893 128.324 11.0703919342351 128 121 136 15
0.894 121.217 10.5423456617611 121.5 114 129 15
0.895 128.031 10.7532167592154 128 120 135 15
0.896 125.335 10.8070146926229 125 119 132.25 13.25
0.897 133.91 11.0236754951069 134 127 141 14
0.898 125.303 11.241955905116 125 117 133 16
0.899 128.806 11.351088547413 128.5 121 136 15
0.9 137.764 11.6510966029834 138 130 146 16
0.901 128.099 10.8469745024065 128 121 135 14
0.902 130.072 11.195899435247 130 123 137 14
0.903 134.224 10.7967770373568 134 126 142 16
0.904 136.113 11.1535928576237 136 128 143 15
0.905 132.852 11.4121134034118 133 125 140 15
0.906 137.161 11.6106798632503 137 129 146 17
0.907 138.609 11.1312183979573 138 131 146 15
0.908 132.257 10.9040290190759 132 125 140 15
0.909 137.293 10.9441731494858 138 129 144 15
0.91 139.379 11.8864059179235 139 131 147 16
0.911 134.854 10.7063209978643 135 128 142 14
0.912 142.174 11.3880380843854 142 134 150 16
0.913 132.209 11.3846796147248 132 124 140 16
0.914 140.253 11.5354261757881 139.5 133 148 15
0.915 140.999 11.4519931517246 141 133 149 16
0.916 130.36 10.8066268179846 130 123 137 14
0.917 145.663 11.7596649918576 145.5 138 153 15
0.918 140.192 11.5237117254786 140 132 148 16
0.919 137.054 11.1732683636403 136 129 144 15
0.92 143.972 11.3789585066779 144 136 152 16
0.921 142.162 11.5490751637149 142 134 150 16
0.922 140.439 11.4300010465408 140 133 148 15
0.923 141.15 11.9011401612256 141 133 149 16
0.924 141.639 11.8303269454244 142 134 149.25 15.25
0.925 141.905 11.4324396204693 142 134 149 15
0.926 145.236 11.9272193977709 145 137 153 16
0.927 140.135 11.1926784574136 140 132 148 16
0.928 133.601 11.6697035515467 133 126 141 15
0.929 157.454 11.9927357058225 157 149 166 17
0.93 142.597 11.319661025213 142 135 151 16
0.931 142.785 11.4699753851233 143 135 150 15
0.932 147.492 11.6840255242982 148 139 155 16
0.933 145.93 11.8716484127536 146 138 154 16
0.934 145.1 11.5632049064136 145 137 153 16
0.935 147.073 11.616480259253 147 139 155 16
0.936 137.469 11.4852492332535 138 130 145 15
0.937 166.527 12.8758323248658 166 157 176 19
0.938 131.865 11.1167602005871 132 124 139 15
0.939 144.792 11.979994000677 145 137 153 16
0.94 147.665 11.6365882106907 147 140 156 16
0.941 149.015 12.0400888177263 149 141 157 16
0.942 146.729 11.8483730082633 146 139 154 15
0.943 145.384 11.6216869518847 145 138 153 15
0.944 152.835 11.7890948659241 153 145 161 16
0.945 140.705 11.592254110196 141 133 148 15
0.946 149.747 11.7512161958702 149 142 157 15
0.947 152.3 11.4914774530542 152.5 145 160 15
0.948 150.105 11.7698982793185 150 142 158 16
0.949 153.8 11.7986103930593 153 146 161 15
0.95 154.26 11.6518739336712 154 146 162 16
0.951 148.017 11.2970941102274 147 141 155 14
0.952 159.366 12.1014250602352 159 151 167 16
0.953 150.282 12.2223509138734 150 142 159 17
0.954 136.064 11.7046530449605 136 129 143 14
0.955 161.418 12.5230228819603 162 153 170 17
0.956 141.963 12.1263630029651 141 134 150 16
0.957 158.433 11.9720859436375 158 150 166 16
0.958 150.418 11.8643178496717 151 143 158 15
0.959 146.705 11.2803910491712 146 139 154 15
0.96 148.97 11.7221375400781 149 142 157 15
0.961 144.884 11.3712730092039 145 137 152 15
0.962 159.798 12.4621226322204 159 151 168.25 17.25
0.963 139.681 11.3066829830893 139 132 147 15
0.964 146.957 11.4119842439597 147 139 155 16
0.965 139.851 11.3907219941296 140 132 147 15
0.966 148.913 11.3920678636589 149 141 156 15
0.967 142.719 11.3797864012704 142 135 150 15
0.968 141.731 11.0229825884443 141 134 149 15
0.969 145.581 11.678005600907 145 138 153.25 15.25
0.97 139.167 11.0185534222746 139.5 132 146 14
0.971 148.097 11.0966989563441 148 141 155 14
0.972 140.052 11.1948479498661 140 132 148 16
0.973 137.562 11.3309552353959 137 130 146 16
0.974 142.882 11.1973861886361 142 136 151 15
0.975 135.694 11.4160715962493 136 127 143 16
0.976 141.076 11.7263690770729 141 133 149 16
0.977 142.285 11.3604064114729 142 135 150 15
0.978 139.369 11.2875261792497 139 132 147 15
0.979 135.51 11.1369624194361 136 128 143 15
0.98 144.463 11.0408573730273 144 137 152 15
0.981 144.297 11.4146872969033 144 136 151.25 15.25
0.982 130.625 10.6819698314253 130 123.75 138 14.25
0.983 137.358 10.9733427108721 137 130 145 15
0.984 133.129 10.5558412637167 133 126 140 14
0.985 128.062 10.6051225652806 129 121 135 14
0.986 138.503 11.171875482738 138 131 146 15
0.987 133.412 10.826979240743 133 126 140 14
0.988 126.557 10.6371001169914 127 119 133 14
0.989 128.128 10.2063600654585 128 121 135 14
0.99 136.252 10.6128756295892 136 129 144 15
0.991 127.315 10.2184241050757 127 120 134 14
0.992 122.377 10.0139477804785 123 116 129 13
0.993 115.467 9.89367453455974 115 109 122 13
0.994 112.265 9.92003942442681 112 105 119 14
0.995 107.074 9.02585120584147 107 100 113 13
0.996 97.394 9.10679404058847 97 91 103 12
0.997 86.933 8.65583239408172 86.5 81 93 12
0.998 68.89 7.01035270475352 69 64 74 10
0.999 51.512 5.81426363881633 52 47 55 8
1 2826.945 15.3072625667455 2827 2817 2837 20
